{
    "model": {
        "input": {
            "w_input": [
                [
                    0.09762701,
                    0.43037873,
                    0.20552675,
                    0.08976637,
                    -0.1526904,
                    0.29178823,
                    -0.12482558,
                    0.783546,
                    0.92732552,
                    -0.23311696,
                    0.58345008,
                    0.05778984,
                    0.13608912,
                    0.85119328,
                    -0.85792788,
                    -0.8257414,
                    -0.95956321,
                    0.66523969,
                    0.5563135,
                    0.7400243
                ],
                20,
                1
            ]
        },
        "reservoir": {
            "seed": null,
            "weight": [
                [
                    0.0,
                    0.0,
                    0.0,
                    0.0,
                    -0.0,
                    0.0,
                    -0.0,
                    0.0,
                    0.0,
                    -0.0,
                    0.0,
                    0.0,
                    0.0,
                    0.0,
                    -0.0,
                    -0.0,
                    -0.0,
                    0.58326792,
                    0.0,
                    0.0,
                    0.0,
                    0.0,
                    -0.0,
                    0.0,
                    -0.0,
                    0.0,
                    -0.0,
                    0.0,
                    0.03831228,
                    -0.0,
                    -0.0,
                    0.0,
                    -0.0,
                    0.0,
                    -0.0,
                    0.0,
                    0.0,
                    0.0,
                    0.0,
                    0.0,
                    -0.0,
                    -0.0,
                    0.0,
                    -0.0,
                    0.0,
                    0.0,
                    -0.0,
                    -0.0,
                    -0.0,
                    -0.0,
                    0.12309405,
                    -0.0,
                    0.0,
                    -0.0,
                    -0.0,
                    -0.0,
                    0.0,
                    -0.0,
                    -0.0,
                    -0.0,
                    -0.0,
                    -0.0,
                    0.0,
                    -0.0,
                    -0.0,
                    -0.0,
                    0.0,
                    -0.0,
                    0.0,
                    -0.70826454,
                    0.0,
                    -0.05497191,
                    0.0,
                    0.0,
                    0.0,
                    -0.0,
                    -0.0,
                    -0.0,
                    -0.0,
                    -0.66858275,
                    -0.0,
                    -0.0,
                    -0.0,
                    0.0,
                    0.0,
                    -0.0,
                    0.0,
                    -0.0,
                    0.0,
                    0.75279543,
                    -0.0,
                    0.0,
                    -0.0,
                    0.0,
                    -0.0,
                    -0.0,
                    0.15170538,
                    -0.0,
                    0.0,
                    -0.86854481,
                    0.0,
                    -0.0,
                    0.0,
                    0.0,
                    -0.0,
                    0.0,
                    0.0,
                    0.0,
                    -0.0,
                    0.0,
                    -0.0,
                    0.0,
                    0.0,
                    -0.0,
                    0.0,
                    -0.0,
                    0.0,
                    0.0,
                    0.0,
                    0.0,
                    0.0,
                    0.0,
                    0.0,
                    0.0,
                    -0.0,
                    0.0,
                    -0.0,
                    -0.0,
                    0.0,
                    -0.0,
                    0.0,
                    -0.0,
                    -0.0,
                    -0.0,
                    0.0,
                    0.0,
                    0.0,
                    0.0,
                    0.26672178,
                    -0.1202617,
                    0.0,
                    -0.0,
                    -0.0,
                    0.0,
                    0.0,
                    0.0,
                    -0.0,
                    0.0,
                    0.0,
                    0.0,
                    -0.0,
                    0.0,
                    -0.0,
                    0.0,
                    -0.0,
                    0.0,
                    0.0,
                    0.0,
                    -0.0,
                    -0.0,
                    0.0,
                    -0.08146556,
                    0.0,
                    0.0,
                    0.0,
                    0.0,
                    -0.0,
                    -0.0,
                    0.0,
                    -0.0,
                    0.0,
                    -0.0,
                    -0.0,
                    -0.0,
                    0.0,
                    -0.0,
                    -0.0,
                    0.75066503,
                    0.0,
                    -0.0,
                    -0.0,
                    0.0,
                    0.0,
                    -0.45961993,
                    0.76141908,
                    0.0,
                    0.0,
                    0.0,
                    0.0,
                    -0.0,
                    -0.0,
                    -0.0,
                    -0.55027851,
                    0.0,
                    0.0,
                    -0.0,
                    -0.0,
                    -0.0,
                    -0.0,
                    -0.0,
                    -0.0,
                    0.0,
                    -0.21436914,
                    -0.0,
                    -0.0,
                    -0.0,
                    0.0,
                    -0.0,
                    0.0,
                    0.0,
                    0.0,
                    -0.0,
                    0.0,
                    -0.41502775,
                    -0.0,
                    0.0,
                    -0.0,
                    -0.0,
                    0.0,
                    0.0,
                    0.0,
                    0.0,
                    -0.0,
                    0.52264217,
                    -0.0,
                    0.0,
                    0.0,
                    -0.0,
                    0.0,
                    0.0,
                    -0.0,
                    -0.0,
                    0.0,
                    -0.0,
                    -0.0,
                    -0.13206834,
                    -0.0,
                    -0.0,
                    -0.0,
                    0.0,
                    0.0,
                    -0.0,
                    0.0,
                    -0.0,
                    0.0,
                    -0.0,
                    0.0,
                    -0.0,
                    -0.0,
                    -0.02094399,
                    -0.0,
                    0.0,
                    0.0,
                    0.43604588,
                    0.0,
                    -0.0,
                    0.0,
                    0.0,
                    0.0,
                    -0.0,
                    -0.0,
                    -0.0,
                    -0.0,
                    0.0,
                    0.0,
                    0.0,
                    -0.0,
                    0.0,
                    -0.0,
                    -0.0,
                    0.83731503,
                    0.0,
                    -0.28379753,
                    0.0,
                    -0.0,
                    0.0,
                    0.0,
                    0.0,
                    0.0,
                    0.0,
                    -0.0,
                    0.0,
                    0.0,
                    -0.0,
                    -0.0,
                    -0.0,
                    0.0,
                    -0.0,
                    -0.0,
                    0.0,
                    -0.0,
                    -0.0,
                    0.0,
                    -0.0,
                    0.0,
                    -0.0,
                    -0.7052027,
                    0.0,
                    0.0,
                    0.0,
                    0.0,
                    0.0,
                    -0.0,
                    -0.0,
                    -0.0,
                    -0.0,
                    -0.0,
                    -0.0,
                    0.0,
                    -0.0,
                    0.0,
                    -0.61909925,
                    -0.0,
                    -0.0,
                    0.0,
                    -0.0,
                    -0.13933859,
                    0.10059946,
                    0.0,
                    0.0,
                    -0.0,
                    -0.0,
                    -0.0,
                    -0.0,
                    -0.41713943,
                    -0.0,
                    0.0,
                    0.0,
                    -0.0,
                    -0.0,
                    -0.0,
                    0.0,
                    -0.0,
                    0.0,
                    0.48870832,
                    0.48645002,
                    -0.0,
                    -0.0,
                    0.0,
                    -0.0,
                    -0.226467,
                    -0.0,
                    -0.0,
                    -0.0,
                    0.0,
                    -0.0,
                    0.0,
                    -0.0,
                    0.135976,
                    0.0,
                    0.0,
                    -0.0,
                    -0.0,
                    0.0,
                    0.0,
                    0.31808214,
                    -0.0,
                    -0.0,
                    -0.0,
                    0.0,
                    -0.0,
                    0.0,
                    0.0,
                    -0.0,
                    0.0,
                    -0.0,
                    0.39309077,
                    -0.0,
                    0.0,
                    0.0,
                    0.0,
                    -0.0,
                    0.0,
                    0.0,
                    -0.0,
                    -0.0,
                    0.0,
                    0.0,
                    -0.0,
                    0.0,
                    0.0,
                    -0.0,
                    0.0,
                    0.13283399,
                    0.56248349,
                    0.0,
                    0.55328906,
                    -0.0,
                    0.0,
                    -0.0,
                    -0.0,
                    -0.0,
                    -0.0,
                    0.0,
                    -0.0,
                    0.0,
                    -0.0,
                    -0.0,
                    -0.0,
                    -0.0
                ],
                20,
                20
            ],
            "x_vector": [
                [
                    -0.031329721454417,
                    0.3529609947708501,
                    0.12574260110121363,
                    0.369966786094243,
                    -0.14841924616456367,
                    0.28377986774784275,
                    0.23881378688483848,
                    0.6547373092716746,
                    0.7698552176569551,
                    -0.7689696675657013,
                    0.8051175242844908,
                    0.28796172295750616,
                    0.24114793051608693,
                    0.6923233688161248,
                    -0.8242816290390772,
                    -0.7454055579880746,
                    -0.5644955099597893,
                    0.8299092744134147,
                    0.45802029416629525,
                    0.7916038023422381
                ],
                20,
                null
            ],
            "alpha": 1.0
        },
        "output": {
            "w_output": [
                [
                    -3.301550798506554,
                    41.38378752403287,
                    -37.25563651432316,
                    2.6893916694423012,
                    2.7000536389096546,
                    -99.61143330692198,
                    -5.108113362028281,
                    -16.239542541632318,
                    55.10322356608316,
                    1.7806261462907713,
                    7.323250506068874,
                    -5.728430892988911,
                    -0.34936069592027863,
                    13.656817891672958,
                    20.45096937061936,
                    -13.289875272956465,
                    0.033544924553066124,
                    -2.940571562907145,
                    -29.38796932769742,
                    -1.6380891042298913
                ],
                1,
                20
            ]
        },
        "feedback": null
    },
    "optimizer": {
        "beta": 0.0,
        "x_xt": [
            [
                0.5009952643596446,
                -0.08683724938279759,
                0.3812740469780837,
                -1.5192783564805998,
                -0.033308926641228746,
                -0.1890312305566857,
                -1.4163850081352638,
                -0.4361331205248572,
                -0.7913244825381229,
                1.2775075124646316,
                -1.5857247443261286,
                -1.2241816345495329,
                -0.5678422109652124,
                0.0814600561024884,
                0.9580300852374328,
                0.4195923404482006,
                -1.0818577946761172,
                -1.5283477458205048,
                -0.5275214999394714,
                0.13703079125617698,
                -0.08683724938279759,
                4.236212368387918,
                1.2683666105054918,
                4.178968762685983,
                -3.265286573403885,
                3.1750815530622125,
                0.8032167752751449,
                7.325552616781381,
                8.448067166333393,
                -5.681215681037868,
                6.718111790509472,
                2.17409648423548,
                3.068325819516946,
                7.14957409682954,
                -7.679555760246295,
                -6.886016606948597,
                -6.331157712364793,
                7.575940768203248,
                6.042887103664901,
                5.709290912082402,
                0.3812740469780837,
                1.2683666105054918,
                0.7382888995540989,
                0.058779068193244244,
                -0.9546480566124222,
                0.8588825785774025,
                -0.818091098559006,
                1.9816150910950623,
                2.0562732105189765,
                -0.9181208468631137,
                0.9860510181764864,
                -0.27805440091461214,
                0.4914894811860489,
                2.3932875446894806,
                -1.7869459385979296,
                -1.9650756316058793,
                -2.907093851179303,
                1.2750342363726117,
                1.4414128192542124,
                2.15629630761191,
                -1.5192783564805998,
                4.178968762685983,
                0.058779068193244244,
                8.573035251809882,
                -3.599862934084369,
                3.472027353538047,
                4.693336633449807,
                8.010666384526973,
                10.089667934957694,
                -9.012808870046397,
                10.638673537522278,
                5.345286149573925,
                4.913225735079448,
                6.32430669080421,
                -9.702964811219152,
                -7.364565492257711,
                -2.7531987664455704,
                11.278632934324932,
                7.182462098394053,
                4.680095465007729,
                -0.033308926641228746,
                -3.265286573403885,
                -0.9546480566124222,
                -3.599862934084369,
                6.365361470264765,
                -2.325485341449984,
                1.7017274110033953,
                -5.365363044585668,
                -6.172547088232109,
                4.651693713512738,
                -2.861402422298413,
                0.0456099423665759,
                -3.55960549615977,
                -5.184818776540355,
                3.9812613553980594,
                3.3693372401603634,
                5.626965571731402,
                -4.403734449979975,
                -4.941690452070166,
                -2.622439581535521,
                -0.1890312305566857,
                3.1750815530622125,
                0.8588825785774025,
                3.472027353538047,
                -2.325485341449984,
                2.415930400169493,
                1.0122388742915203,
                5.574038011040831,
                6.502274965203104,
                -4.61131518825043,
                5.487462897904676,
                1.9596506766956174,
                2.395740800639217,
                5.332961965062358,
                -6.03528684991213,
                -5.308241429970236,
                -4.440125279853304,
                6.089981822926716,
                4.614687061553927,
                4.323349733835385,
                -1.4163850081352638,
                0.8032167752751449,
                -0.818091098559006,
                4.693336633449807,
                1.7017274110033953,
                1.0122388742915203,
                5.50465096342555,
                2.3354389518664402,
                3.4981040825164764,
                -4.3761842336159615,
                6.788423634627541,
                4.599065826391338,
                1.5739884206601074,
                1.02093343592046,
                -4.928373252515362,
                -3.326128891773953,
                2.5014623605608377,
                6.092947196628889,
                2.0343987886958614,
                1.7826611149871465,
                -0.4361331205248572,
                7.325552616781381,
                1.9816150910950623,
                8.010666384526973,
                -5.365363044585668,
                5.574038011040831,
                2.3354389518664402,
                12.860428324569371,
                15.002057928381761,
                -10.639232876242835,
                12.66068210199723,
                4.521308792462281,
                5.527456538660018,
                12.304217332836691,
                -13.924622293169094,
                -12.247182079566528,
                -10.244263279252275,
                14.050814611695639,
                10.6470124670625,
                9.974838575536367,
                -0.7913244825381229,
                8.448067166333393,
                2.0562732105189765,
                10.089667934957694,
                -6.172547088232109,
                6.502274965203104,
                3.4981040825164764,
                15.002057928381761,
                17.67843982765934,
                -13.028090029142612,
                15.489604250501598,
                5.8795099566969045,
                6.701845181766601,
                14.0660938021285,
                -16.560789984285737,
                -14.300147809369832,
                -11.1059820462378,
                17.05834003949252,
                12.510266820049688,
                11.4037433742575,
                1.2775075124646316,
                -5.681215681037868,
                -0.9181208468631137,
                -9.012808870046397,
                4.651693713512738,
                -4.61131518825043,
                -4.3761842336159615,
                -10.639232876242835,
                -13.028090029142612,
                13.209236430867476,
                -13.106973527145998,
                -5.369634037043494,
                -5.618874784012889,
                -9.813572786251315,
                12.843971214245508,
                10.424770835043716,
                6.140938102417,
                -14.254512352292327,
                -8.895816942481613,
                -8.925898141902126,
                -1.5857247443261286,
                6.718111790509472,
                0.9860510181764864,
                10.638673537522278,
                -2.861402422298413,
                5.487462897904676,
                6.788423634627541,
                12.66068210199723,
                15.489604250501598,
                -13.106973527145998,
                16.820959872916887,
                7.7377336733551125,
                5.915744222439851,
                11.151307807167724,
                -16.185200319481044,
                -13.310558200132059,
                -6.280631646530652,
                17.318390399731243,
                10.439823580771023,
                10.346791507333116,
                -1.2241816345495329,
                2.17409648423548,
                -0.27805440091461214,
                5.345286149573925,
                0.0456099423665759,
                1.9596506766956174,
                4.599065826391338,
                4.521308792462281,
                5.8795099566969045,
                -5.369634037043494,
                7.7377336733551125,
                4.545070771993306,
                2.3169829589828463,
                3.2474549040901364,
                -6.568534587428796,
                -4.962558339168436,
                -0.13333588742826052,
                7.589512277324453,
                3.916876919714262,
                3.024047095277934,
                -0.5678422109652124,
                3.068325819516946,
                0.4914894811860489,
                4.913225735079448,
                -3.55960549615977,
                2.395740800639217,
                1.5739884206601074,
                5.527456538660018,
                6.701845181766601,
                -5.618874784012889,
                5.915744222439851,
                2.3169829589828463,
                3.454867958323888,
                4.875309002269283,
                -5.992710341424009,
                -4.796168990842178,
                -3.4884955959978012,
                6.606770219006039,
                4.848498297681697,
                3.6332137484827745,
                0.0814600561024884,
                7.14957409682954,
                2.3932875446894806,
                6.32430669080421,
                -5.184818776540355,
                5.332961965062358,
                1.02093343592046,
                12.304217332836691,
                14.0660938021285,
                -9.813572786251315,
                11.151307807167724,
                3.2474549040901364,
                4.875309002269283,
                12.470512611886216,
                -13.033085895769217,
                -11.91873180486943,
                -11.344861497624027,
                12.55016996172013,
                9.907504364732088,
                10.579496443020808,
                0.9580300852374328,
                -7.679555760246295,
                -1.7869459385979296,
                -9.702964811219152,
                3.9812613553980594,
                -6.03528684991213,
                -4.928373252515362,
                -13.924622293169094,
                -16.560789984285737,
                12.843971214245508,
                -16.185200319481044,
                -6.568534587428796,
                -5.992710341424009,
                -13.033085895769217,
                16.68795499354126,
                14.324461796418587,
                9.355254658880789,
                -17.08687577868881,
                -11.30893689123947,
                -11.78452332671643,
                0.4195923404482006,
                -6.886016606948597,
                -1.9650756316058793,
                -7.364565492257711,
                3.3693372401603634,
                -5.308241429970236,
                -3.326128891773953,
                -12.247182079566528,
                -14.300147809369832,
                10.424770835043716,
                -13.310558200132059,
                -4.962558339168436,
                -4.796168990842178,
                -11.91873180486943,
                14.324461796418587,
                12.711590227932726,
                9.446314135443245,
                -14.12514047093532,
                -9.765972592384857,
                -10.875432273437653,
                -1.0818577946761172,
                -6.331157712364793,
                -2.907093851179303,
                -2.7531987664455704,
                5.626965571731402,
                -4.440125279853304,
                2.5014623605608377,
                -10.244263279252275,
                -11.1059820462378,
                6.140938102417,
                -6.280631646530652,
                -0.13333588742826052,
                -3.4884955959978012,
                -11.344861497624027,
                9.355254658880789,
                9.446314135443245,
                12.68358799074907,
                -7.897929694512521,
                -8.042664939444787,
                -9.265447750278877,
                -1.5283477458205048,
                7.575940768203248,
                1.2750342363726117,
                11.278632934324932,
                -4.403734449979975,
                6.089981822926716,
                6.092947196628889,
                14.050814611695639,
                17.05834003949252,
                -14.254512352292327,
                17.318390399731243,
                7.589512277324453,
                6.606770219006039,
                12.55016996172013,
                -17.08687577868881,
                -14.12514047093532,
                -7.897929694512521,
                18.360680013348777,
                11.711657860804173,
                10.98851298352017,
                -0.5275214999394714,
                6.042887103664901,
                1.4414128192542124,
                7.182462098394053,
                -4.941690452070166,
                4.614687061553927,
                2.0343987886958614,
                10.6470124670625,
                12.510266820049688,
                -8.895816942481613,
                10.439823580771023,
                3.916876919714262,
                4.848498297681697,
                9.907504364732088,
                -11.30893689123947,
                -9.765972592384857,
                -8.042664939444787,
                11.711657860804173,
                9.040097941043467,
                7.460722047200179,
                0.13703079125617698,
                5.709290912082402,
                2.15629630761191,
                4.680095465007729,
                -2.622439581535521,
                4.323349733835385,
                1.7826611149871465,
                9.974838575536367,
                11.4037433742575,
                -8.925898141902126,
                10.346791507333116,
                3.024047095277934,
                3.6332137484827745,
                10.579496443020808,
                -11.78452332671643,
                -10.875432273437653,
                -9.265447750278877,
                10.98851298352017,
                7.460722047200179,
                10.90593882169032
            ],
            20,
            20
        ],
        "d_xt": [
            [
                -1.3563744794241304,
                5.320319016557905,
                0.6224274092133988,
                8.659362916273983,
                -5.299758716682733,
                4.256698016217642,
                3.384632518254571,
                9.82105963907512,
                12.154095247649847,
                -11.907761639859078,
                11.051675983894462,
                4.6690397167150515,
                5.726865299972401,
                8.817960169241207,
                -10.904033050108254,
                -8.353158947685639,
                -5.703074484671984,
                12.733853020879934,
                8.397756918445753,
                7.388567353039466
            ],
            1,
            20
        ],
        "n_x": 20
    },
    "train_input":VecStorage { data: [
            0.0,
            1.0,
            1.0,
            0.0,
            1.0,
            1.0,
            1.0,
            1.0,
            1.0,
            1.0,
            1.0,
            0.0,
            0.0,
            1.0,
            0.0,
            0.0,
            0.0,
            0.0,
            0.0,
            1.0,
            0.0,
            1.0,
            1.0,
            0.0,
            0.0,
            1.0,
            1.0,
            1.0,
            1.0,
            0.0,
            1.0,
            0.0,
            1.0,
            0.0,
            1.0,
            1.0,
            0.0,
            1.0,
            1.0,
            0.0,
            0.0,
            1.0,
            0.0,
            1.0,
            1.0,
            1.0,
            1.0,
            1.0,
            0.0,
            1.0
        ], nrows: Dyn(1), ncols: Dyn(50)
    },
    "train_expected_output":VecStorage { data: [
            0.0,
            0.0,
            1.0,
            0.0,
            1.0,
            1.0,
            0.0,
            0.0,
            0.0,
            0.0,
            0.0,
            0.0,
            1.0,
            0.0,
            1.0,
            1.0,
            0.0,
            0.0,
            0.0,
            0.0,
            1.0,
            1.0,
            1.0,
            0.0,
            1.0,
            0.0,
            1.0,
            0.0,
            0.0,
            0.0,
            1.0,
            1.0,
            1.0,
            1.0,
            1.0,
            1.0,
            0.0,
            1.0,
            1.0,
            0.0,
            1.0,
            0.0,
            1.0,
            1.0,
            1.0,
            0.0,
            0.0,
            0.0,
            0.0,
            1.0
        ], nrows: Dyn(1), ncols: Dyn(50)
    },
    "test_input":VecStorage { data: [
            0.0,
            0.0,
            0.0,
            1.0,
            0.0,
            1.0,
            1.0,
            0.0,
            0.0,
            0.0,
            0.0,
            1.0,
            0.0,
            1.0,
            1.0,
            1.0,
            1.0,
            0.0,
            0.0,
            1.0,
            1.0,
            1.0,
            0.0,
            1.0,
            1.0,
            1.0,
            1.0,
            0.0,
            1.0,
            1.0,
            0.0,
            1.0,
            0.0,
            0.0,
            0.0,
            1.0,
            1.0,
            1.0,
            0.0,
            0.0,
            1.0,
            1.0,
            1.0,
            1.0,
            0.0,
            1.0,
            1.0,
            0.0,
            1.0,
            1.0
        ], nrows: Dyn(1), ncols: Dyn(50)
    },
    "test_expected_output":VecStorage { data: [
            0.0,
            0.0,
            0.0,
            0.0,
            1.0,
            1.0,
            1.0,
            0.0,
            1.0,
            0.0,
            0.0,
            0.0,
            1.0,
            1.0,
            1.0,
            0.0,
            0.0,
            0.0,
            1.0,
            0.0,
            1.0,
            0.0,
            0.0,
            1.0,
            1.0,
            0.0,
            0.0,
            0.0,
            1.0,
            1.0,
            0.0,
            1.0,
            1.0,
            1.0,
            0.0,
            0.0,
            1.0,
            0.0,
            0.0,
            1.0,
            0.0,
            1.0,
            0.0,
            0.0,
            0.0,
            1.0,
            1.0,
            0.0,
            1.0,
            1.0
        ], nrows: Dyn(1), ncols: Dyn(50)
    },
    "test_predicted_output": [VecStorage { data: [
                1.3512126171625274
            ], nrows: Dyn(1), ncols: Const
        }, VecStorage { data: [
                0.833900373310042
            ], nrows: Dyn(1), ncols: Const
        }, VecStorage { data: [
                0.3773542332063903
            ], nrows: Dyn(1), ncols: Const
        }, VecStorage { data: [
                -0.06921220348502266
            ], nrows: Dyn(1), ncols: Const
        }, VecStorage { data: [
                0.779356805368285
            ], nrows: Dyn(1), ncols: Const
        }, VecStorage { data: [
                1.0939729706864156
            ], nrows: Dyn(1), ncols: Const
        }, VecStorage { data: [
                0.8856112426131149
            ], nrows: Dyn(1), ncols: Const
        }, VecStorage { data: [
                0.016450108475449254
            ], nrows: Dyn(1), ncols: Const
        }, VecStorage { data: [
                0.7555259083241661
            ], nrows: Dyn(1), ncols: Const
        }, VecStorage { data: [
                0.428016191272975
            ], nrows: Dyn(1), ncols: Const
        }, VecStorage { data: [
                0.45578652079596005
            ], nrows: Dyn(1), ncols: Const
        }, VecStorage { data: [
                0.17025774685463535
            ], nrows: Dyn(1), ncols: Const
        }, VecStorage { data: [
                0.3045939799150029
            ], nrows: Dyn(1), ncols: Const
        }, VecStorage { data: [
                1.2233537692125402
            ], nrows: Dyn(1), ncols: Const
        }, VecStorage { data: [
                1.2163298487541552
            ], nrows: Dyn(1), ncols: Const
        }, VecStorage { data: [
                -0.03154037919739516
            ], nrows: Dyn(1), ncols: Const
        }, VecStorage { data: [
                0.10976047351815976
            ], nrows: Dyn(1), ncols: Const
        }, VecStorage { data: [
                0.09373534742547673
            ], nrows: Dyn(1), ncols: Const
        }, VecStorage { data: [
                1.0962839281363024
            ], nrows: Dyn(1), ncols: Const
        }, VecStorage { data: [
                -0.14200460099931944
            ], nrows: Dyn(1), ncols: Const
        }, VecStorage { data: [
                0.6244873921227112
            ], nrows: Dyn(1), ncols: Const
        }, VecStorage { data: [
                0.15686949634180813
            ], nrows: Dyn(1), ncols: Const
        }, VecStorage { data: [
                0.2623638850122191
            ], nrows: Dyn(1), ncols: Const
        }, VecStorage { data: [
                1.2580397339734044
            ], nrows: Dyn(1), ncols: Const
        }, VecStorage { data: [
                1.2996231097071687
            ], nrows: Dyn(1), ncols: Const
        }, VecStorage { data: [
                -0.009817582266724356
            ], nrows: Dyn(1), ncols: Const
        }, VecStorage { data: [
                0.10701653868632466
            ], nrows: Dyn(1), ncols: Const
        }, VecStorage { data: [
                0.1803559623255262
            ], nrows: Dyn(1), ncols: Const
        }, VecStorage { data: [
                1.0270514445042356
            ], nrows: Dyn(1), ncols: Const
        }, VecStorage { data: [
                0.8369749923523344
            ], nrows: Dyn(1), ncols: Const
        }, VecStorage { data: [
                -0.08626221876762674
            ], nrows: Dyn(1), ncols: Const
        }, VecStorage { data: [
                1.3450010181100913
            ], nrows: Dyn(1), ncols: Const
        }, VecStorage { data: [
                1.4268025788006908
            ], nrows: Dyn(1), ncols: Const
        }, VecStorage { data: [
                0.8524251879130764
            ], nrows: Dyn(1), ncols: Const
        }, VecStorage { data: [
                0.05502671635602259
            ], nrows: Dyn(1), ncols: Const
        }, VecStorage { data: [
                -0.200709775042478
            ], nrows: Dyn(1), ncols: Const
        }, VecStorage { data: [
                1.0100564869737387
            ], nrows: Dyn(1), ncols: Const
        }, VecStorage { data: [
                0.011810215526834866
            ], nrows: Dyn(1), ncols: Const
        }, VecStorage { data: [
                0.3250933178692953
            ], nrows: Dyn(1), ncols: Const
        }, VecStorage { data: [
                1.2213561283455086
            ], nrows: Dyn(1), ncols: Const
        }, VecStorage { data: [
                -0.004634368855532589
            ], nrows: Dyn(1), ncols: Const
        }, VecStorage { data: [
                0.4953587450825978
            ], nrows: Dyn(1), ncols: Const
        }, VecStorage { data: [
                0.24089712530960605
            ], nrows: Dyn(1), ncols: Const
        }, VecStorage { data: [
                0.0962215593047584
            ], nrows: Dyn(1), ncols: Const
        }, VecStorage { data: [
                0.3116630447184187
            ], nrows: Dyn(1), ncols: Const
        }, VecStorage { data: [
                0.8676346633085238
            ], nrows: Dyn(1), ncols: Const
        }, VecStorage { data: [
                0.6739487587491688
            ], nrows: Dyn(1), ncols: Const
        }, VecStorage { data: [
                -0.09368556039534709
            ], nrows: Dyn(1), ncols: Const
        }, VecStorage { data: [
                1.3556298153292738
            ], nrows: Dyn(1), ncols: Const
        }, VecStorage { data: [
                1.001775629987536
            ], nrows: Dyn(1), ncols: Const
        }
    ]
}